Index	IndxSnpStart	IndxSnpEnd	PosSNPStart	PosSNPEnd	IndxCnStart	IndxCnEnd	Chr	LenSnp	CN_LC1_BLOOD_FinalReport	BA_LC1_BLOOD_FinalReport	CN_LC1_NON_TUMOUR_LUNG_TISSUE_FinalReport	BA_LC1_NON_TUMOUR_LUNG_TISSUE_FinalReport	CN_LC1_TUMOUR_A_FinalReport	BA_LC1_TUMOUR_A_FinalReport	CN_LC1_TUMOUR_B_FinalReport	BA_LC1_TUMOUR_B_FinalReport	CN_LC1_TUMOUR_C_FinalReport	BA_LC1_TUMOUR_C_FinalReport	CN_LC1_TUMOUR_D_FinalReport	BA_LC1_TUMOUR_D_FinalReport	CN_LC2_BLOOD_FinalReport	BA_LC2_BLOOD_FinalReport	CN_LC2_NON_TUMOUR_LUNG_TISSUE_FinalReport	BA_LC2_NON_TUMOUR_LUNG_TISSUE_FinalReport	CN_LC2_TUMOUR_A_FinalReport	BA_LC2_TUMOUR_A_FinalReport	CN_LC2_TUMOUR_B_FinalReport	BA_LC2_TUMOUR_B_FinalReport	CN_LC3_BLOOD_FinalReport	BA_LC3_BLOOD_FinalReport	CN_LC3_NON_TUMOUR_LUNG_TISSUE_FinalReport	BA_LC3_NON_TUMOUR_LUNG_TISSUE_FinalReport	CN_LC3_TUMOUR_A_FinalReport	BA_LC3_TUMOUR_A_FinalReport	CN_LC3_TUMOUR_B_FinalReport	BA_LC3_TUMOUR_B_FinalReport	CN_LC3_TUMOUR_C_FinalReport	BA_LC3_TUMOUR_C_FinalReport	CN_LC4_NON_TUMOUR_LUNG_TISSUE_FinalReport	BA_LC4_NON_TUMOUR_LUNG_TISSUE_FinalReport	CN_LC4_TUMOUR_A_FinalReport	BA_LC4_TUMOUR_A_FinalReport	CN_LC4_TUMOUR_B_FinalReport	BA_LC4_TUMOUR_B_FinalReport	CN_LC5_BLOOD_FinalReport	BA_LC5_BLOOD_FinalReport	CN_LC5_NON_TUMOUR_LUNG_TISSUE_FinalReport	BA_LC5_NON_TUMOUR_LUNG_TISSUE_FinalReport	CN_LC5_TUMOUR_A_FinalReport	BA_LC5_TUMOUR_A_FinalReport	CN_LC6_BLOOD_FinalReport	BA_LC6_BLOOD_FinalReport	CN_LC6_NON_TUMOUR_LUNG_TISSUE_FinalReport	BA_LC6_NON_TUMOUR_LUNG_TISSUE_FinalReport	CN_LC6_TUMOUR_A_FinalReport	BA_LC6_TUMOUR_A_FinalReport	CN_LC7_BLOOD_FinalReport	BA_LC7_BLOOD_FinalReport	CN_LC7_NON_TUMOUR_LUNG_TISSUE_FinalReport	BA_LC7_NON_TUMOUR_LUNG_TISSUE_FinalReport	CN_LC7_TUMOUR_A_FinalReport	BA_LC7_TUMOUR_A_FinalReport	CN_LC8_BLOOD_FinalReport	BA_LC8_BLOOD_FinalReport	CN_LC8_TUMOUR_A_FinalReport	BA_LC8_TUMOUR_A_FinalReport	CN_MM1_BLOOD_FinalReport	BA_MM1_BLOOD_FinalReport	CN_MM1_CELL_LINE_P31_FinalReport	BA_MM1_CELL_LINE_P31_FinalReport	CN_MM1_CELL_LINE_P35_FinalReport	BA_MM1_CELL_LINE_P35_FinalReport	CN_MM1_CELL_LINE_P7_FinalReport	BA_MM1_CELL_LINE_P7_FinalReport	CN_MM1_CELL_LINE_P8_FinalReport	BA_MM1_CELL_LINE_P8_FinalReport	CN_MM1_TUMOUR_FinalReport	BA_MM1_TUMOUR_FinalReport	CN_MM2_BLOOD_FinalReport	BA_MM2_BLOOD_FinalReport	CN_MM2_CELL_LINE_P50-20DR_FinalReport	BA_MM2_CELL_LINE_P50-20DR_FinalReport	CN_MM2_CELL_LINE_P50-8DR_FinalReport	BA_MM2_CELL_LINE_P50-8DR_FinalReport	CN_MM2_CELL_LINE_P50_FinalReport	BA_MM2_CELL_LINE_P50_FinalReport	CN_MM2_CELL_LINE_P8_FinalReport	BA_MM2_CELL_LINE_P8_FinalReport	CN_MM2_TUMOUR_FinalReport	BA_MM2_TUMOUR_FinalReport	CN_MM3_BLOOD_FinalReport	BA_MM3_BLOOD_FinalReport	CN_MM3_CELL_LINE_P28_FinalReport	BA_MM3_CELL_LINE_P28_FinalReport	CN_MM3_CELL_LINE_P6_FinalReport	BA_MM3_CELL_LINE_P6_FinalReport	CN_MM3_TUMOUR_FinalReport	BA_MM3_TUMOUR_FinalReport	CN_MM4_BLOOD_FinalReport	BA_MM4_BLOOD_FinalReport	CN_MM4_CELL_LINE_P45-8DR_FinalReport	BA_MM4_CELL_LINE_P45-8DR_FinalReport	CN_MM4_CELL_LINE_P45_FinalReport	BA_MM4_CELL_LINE_P45_FinalReport	CN_MM4_CELL_LINE_P65_FinalReport	BA_MM4_CELL_LINE_P65_FinalReport	CN_MM4_CELL_LINE_P72-20DR_FinalReport	BA_MM4_CELL_LINE_P72-20DR_FinalReport	CN_MM4_CELL_LINE_P7_FinalReport	BA_MM4_CELL_LINE_P7_FinalReport
11750	2092072	2092688	1	1	0	0	18	617	2	1	2	1	2	1	2	1	2	1	2	1	2	1	2	1	2	1	2	1	2	1	2	1	3	2	3	2	4	2	2	1	2	1	2	1	2	1	2	1	4	2	2	1	2	1	2	1	2	1	2	1	3	2	2	1	2	1	2	1	2	1	2	1	2	1	2	1	2	1	2	1	4	2	3	2	2	1	2	1	2	1	2	1	2	2	2	2	2	2	2	1	2	1	3	2	3	2	2	1	2	1
11751	2092689	2092788	1	1	0	0	18	100	2	1	2	1	2	1	2	1	2	1	2	1	2	1	2	1	2	1	2	1	2	1	2	1	3	2	3	2	4	2	2	1	2	1	2	1	2	1	2	1	3	2	2	1	2	1	2	1	2	1	2	1	3	2	2	1	2	1	2	1	2	1	2	1	2	1	2	1	2	1	2	1	4	2	3	2	2	1	2	1	2	1	2	1	2	2	2	2	2	2	2	1	2	1	3	2	3	2	2	1	2	1
11752	2092789	2092864	1	1	0	0	18	76	2	1	2	1	2	1	2	1	2	1	2	1	2	1	2	1	2	1	2	1	2	1	2	1	3	2	3	2	4	2	2	1	2	1	2	1	2	1	2	1	4	4	2	1	2	1	2	1	2	1	2	1	3	2	2	1	2	1	2	1	2	1	2	1	2	1	2	1	2	1	2	1	4	2	3	2	2	1	2	1	2	1	2	1	2	2	2	2	2	2	2	1	2	1	3	2	3	2	2	1	2	1
11753	2092865	2093247	1	1	0	0	18	383	2	1	2	1	2	1	2	1	2	1	2	1	2	1	2	1	2	1	2	1	2	1	2	1	3	2	3	2	4	2	2	1	2	1	2	1	2	1	2	1	3	2	2	1	2	1	2	1	2	1	2	1	3	2	2	1	2	1	2	1	2	1	2	1	2	1	2	1	2	1	2	1	4	2	3	2	2	1	2	1	2	1	2	1	2	2	2	2	2	2	2	1	2	1	3	2	3	2	2	1	2	1
11754	2093248	2093889	1	1	0	0	18	642	2	1	2	1	2	1	2	1	2	1	2	1	2	1	2	1	2	1	2	1	2	1	2	1	3	2	3	2	3	2	2	1	2	1	2	1	2	1	2	1	3	2	2	1	2	1	2	1	2	1	2	1	3	2	2	1	2	1	2	1	2	1	2	1	2	1	2	1	2	1	2	1	4	2	3	2	2	1	2	1	2	1	2	1	2	2	2	2	2	2	2	1	2	1	3	2	3	2	2	1	2	1
11755	2093890	2094031	1	1	0	0	18	142	2	1	2	1	2	1	2	1	2	1	2	1	2	1	2	1	2	1	2	1	2	1	2	1	3	2	3	2	3	2	2	1	2	1	2	1	1	1	1	1	0	0	2	1	2	1	2	1	2	1	2	1	3	2	2	1	2	1	2	1	2	1	2	1	2	1	2	1	2	1	2	1	4	2	3	2	2	1	2	1	2	1	2	1	2	2	2	2	2	2	2	1	2	1	3	2	3	2	2	1	2	1
11756	2094032	2094912	1	1	0	0	18	881	2	1	2	1	2	1	2	1	2	1	2	1	2	1	2	1	2	1	2	1	2	1	2	1	3	2	3	2	3	2	2	1	2	1	2	1	2	1	2	1	3	2	2	1	2	1	2	1	2	1	2	1	3	2	2	1	2	1	2	1	2	1	2	1	2	1	2	1	2	1	2	1	4	2	3	2	2	1	2	1	2	1	2	1	2	2	2	2	2	2	2	1	2	1	3	2	3	2	2	1	2	1
11757	2094913	2094945	1	1	0	0	18	33	2	1	2	1	2	1	2	1	2	1	2	1	2	1	2	1	2	1	2	1	2	1	2	1	3	2	3	2	3	2	2	1	2	1	2	1	2	1	2	1	3	2	2	1	2	1	2	1	2	1	2	1	3	2	2	1	2	1	2	1	2	1	2	1	2	1	2	1	2	1	2	1	4	2	3	2	2	1	2	1	2	1	2	1	2	2	2	2	2	2	2	1	2	1	3	2	3	2	2	1	3	2
11758	2094946	2095729	1	1	0	0	18	784	2	1	2	1	2	1	2	1	2	1	2	1	2	1	2	1	2	1	2	1	2	1	2	1	3	2	3	2	3	2	2	1	2	1	2	1	2	1	2	1	3	2	2	1	2	1	2	1	2	1	2	1	3	2	2	1	2	1	2	1	2	1	2	1	2	1	2	1	2	1	2	1	4	2	3	2	2	1	2	1	2	1	2	1	2	2	2	2	2	2	2	1	2	1	3	2	3	2	2	1	2	1
11759	2095730	2096597	1	1	0	0	18	868	2	1	2	1	2	1	2	1	2	1	2	1	2	1	2	1	2	1	2	1	2	1	2	1	3	2	3	2	4	2	2	1	2	1	2	1	2	1	2	1	3	2	2	1	2	1	2	1	2	1	2	1	3	2	2	1	2	1	2	1	2	1	2	1	2	1	2	1	2	1	2	1	4	2	3	2	2	1	2	1	2	1	2	1	2	2	2	2	2	2	2	1	2	1	3	2	3	2	2	1	2	1
11760	2096598	2096893	1	1	0	0	18	296	2	1	2	1	2	1	2	1	2	1	2	1	2	1	2	1	2	1	2	1	2	1	2	1	3	2	3	2	3	2	2	1	2	1	2	1	2	1	2	1	3	2	2	1	2	1	2	1	2	1	2	1	3	2	2	1	2	1	2	1	2	1	2	1	2	1	2	1	2	1	2	1	4	2	3	2	2	1	2	1	2	1	2	1	2	2	2	2	2	2	2	1	2	1	3	2	3	2	2	1	2	1
11761	2096894	2097730	1	1	0	0	18	837	2	1	2	1	2	1	2	1	2	1	2	1	2	1	2	1	2	1	2	1	2	1	2	1	3	2	3	2	3	2	2	1	2	1	2	1	2	1	2	1	4	2	2	1	2	1	2	1	2	1	2	1	3	2	2	1	2	1	2	1	2	1	2	1	2	1	2	1	2	1	2	1	4	2	3	2	2	1	2	1	2	1	2	1	2	2	2	2	2	2	2	1	2	1	3	2	3	2	2	1	2	1
11762	2097731	2098225	1	1	0	0	18	495	2	1	2	1	2	1	2	1	2	1	2	1	2	1	2	1	2	1	2	1	2	1	2	1	4	2	3	2	3	2	2	1	2	1	2	1	2	1	2	1	4	2	2	1	2	1	2	1	2	1	2	1	3	2	2	1	2	1	2	1	2	1	2	1	2	1	2	1	2	1	2	1	4	2	3	2	2	1	2	1	2	1	2	1	2	2	2	2	2	2	2	1	2	1	3	2	3	2	2	1	2	1
11763	2098226	2098277	1	1	0	0	18	52	2	1	2	1	2	1	2	1	2	1	2	1	2	1	2	1	2	1	3	2	2	1	2	1	4	2	3	2	3	2	2	1	2	1	2	1	2	1	2	1	4	2	2	1	2	1	2	1	2	1	2	1	3	2	2	1	2	1	2	1	2	1	2	1	2	1	2	1	2	1	2	1	4	2	3	2	2	1	2	1	2	1	2	1	2	2	2	2	2	2	2	1	2	1	3	2	3	2	2	1	2	1
11764	2098278	2098587	1	1	0	0	18	310	2	1	2	1	2	1	2	1	2	1	2	1	2	1	2	1	2	1	2	1	2	1	2	1	4	2	3	2	3	2	2	1	2	1	2	1	2	1	2	1	4	2	2	1	2	1	2	1	2	1	2	1	3	2	2	1	2	1	2	1	2	1	2	1	2	1	2	1	2	1	2	1	4	2	3	2	2	1	2	1	2	1	2	1	2	2	2	2	2	2	2	1	2	1	3	2	3	2	2	1	2	1
11765	2098588	2098725	1	1	0	0	18	138	2	1	2	1	2	1	2	1	2	1	2	1	2	1	2	1	2	1	2	1	2	1	2	1	4	2	3	2	3	2	2	1	2	1	2	1	2	1	2	1	2	2	2	1	2	1	2	1	2	1	2	1	3	2	2	1	2	1	2	1	2	1	2	1	2	1	2	1	2	1	2	1	4	2	3	2	2	1	2	1	2	1	2	1	2	2	2	2	2	2	2	1	2	1	3	2	3	2	2	1	2	1
11766	2098726	2100373	1	1	0	0	18	1648	2	1	2	1	2	1	2	1	2	1	2	1	2	1	2	1	2	1	2	1	2	1	2	1	4	2	3	2	3	2	2	1	2	1	2	1	2	1	2	1	4	2	2	1	2	1	2	1	2	1	2	1	3	2	2	1	2	1	2	1	2	1	2	1	2	1	2	1	2	1	2	1	4	2	3	2	2	1	2	1	2	1	2	1	2	2	2	2	2	2	2	1	2	1	3	2	3	2	2	1	2	1
11767	2100374	2100412	1	1	0	0	18	39	2	1	2	1	2	1	2	1	2	1	2	1	2	1	2	1	2	1	2	1	2	1	2	1	4	2	3	2	3	2	2	1	2	1	2	1	2	1	2	1	4	2	2	1	2	1	2	1	2	1	2	1	3	2	2	1	2	1	2	1	2	1	2	1	2	1	2	1	3	2	2	1	4	2	3	2	2	1	2	1	2	1	2	1	2	2	2	2	2	2	2	1	2	1	3	2	3	2	2	1	2	1
11768	2100413	2100628	1	1	0	0	18	216	2	1	2	1	2	1	2	1	2	1	2	1	2	1	2	1	2	1	2	1	2	1	2	1	4	2	3	2	3	2	2	1	2	1	2	1	2	1	2	1	4	2	2	1	2	1	2	1	2	1	2	1	3	2	2	1	2	1	2	1	2	1	2	1	2	1	2	1	2	1	2	1	4	2	3	2	2	1	2	1	2	1	2	1	2	2	2	2	2	2	2	1	2	1	3	2	3	2	2	1	2	1
11769	2100629	2100632	1	1	0	0	18	4	2	1	2	1	2	1	2	1	2	1	2	1	2	1	2	1	2	1	2	1	2	1	2	1	4	2	3	2	3	2	2	1	2	1	2	1	2	1	2	1	6	3	2	1	2	1	2	1	2	1	2	1	3	2	2	1	2	1	2	1	2	1	2	1	2	1	2	1	2	1	2	1	4	2	3	2	2	1	2	1	2	1	2	1	2	2	2	2	2	2	2	1	2	1	3	2	3	2	2	1	2	1
11770	2100633	2100672	1	1	0	0	18	40	2	1	2	1	2	1	2	1	2	1	2	1	2	1	2	1	2	1	2	1	2	1	2	1	4	2	3	2	3	2	2	1	2	1	2	1	2	1	2	1	6	3	2	1	2	1	2	1	2	1	2	1	3	2	2	1	2	1	2	1	2	1	2	1	2	1	2	1	2	1	2	1	4	2	3	2	2	1	2	1	2	1	2	1	2	2	2	2	2	2	2	1	2	1	3	2	3	2	2	1	3	2
11772	2100673	2100906	1	1	0	0	18	234	2	1	2	1	2	1	2	1	2	1	2	1	2	1	2	1	2	1	2	1	2	1	2	1	4	2	3	2	3	2	2	1	2	1	2	1	2	1	2	1	4	2	2	1	2	1	2	1	2	1	2	1	3	2	2	1	2	1	2	1	2	1	2	1	2	1	2	1	2	1	2	1	4	2	3	2	2	1	2	1	2	1	2	1	2	2	2	2	2	2	2	1	2	1	3	2	3	2	2	1	2	1
11773	2100907	2105562	1	1	0	0	18	4656	2	1	2	1	2	1	2	1	2	1	2	1	2	1	2	1	2	1	2	1	2	1	2	1	3	2	3	2	3	2	2	1	2	1	2	1	2	1	2	1	4	2	2	1	2	1	2	1	2	1	2	1	3	2	2	1	2	1	2	1	2	1	2	1	2	1	2	1	2	1	2	1	4	2	3	2	2	1	2	1	2	1	2	1	2	2	2	2	2	2	2	1	2	1	3	2	3	2	2	1	2	1
11774	2105563	2105826	1	1	0	0	18	264	2	1	2	1	2	1	2	1	2	1	2	1	2	1	2	1	2	1	2	1	2	1	2	1	3	2	3	2	3	2	2	1	2	1	2	1	2	1	2	1	4	2	2	1	2	1	2	1	2	1	2	1	3	2	2	1	2	1	2	1	2	1	2	1	2	1	2	1	2	1	2	1	4	2	3	2	2	1	2	1	2	1	2	1	2	2	2	2	2	2	2	1	2	1	3	3	3	2	2	1	2	1
11776	2105827	2105874	1	1	0	0	18	48	2	1	2	1	2	1	2	1	2	1	2	1	2	1	2	1	2	1	2	1	2	1	2	1	3	2	3	2	3	2	2	1	2	1	2	1	2	1	2	1	4	2	2	1	2	1	2	1	2	1	2	1	3	2	2	1	2	1	2	1	2	1	2	1	2	1	2	1	2	1	2	1	4	2	3	2	2	1	2	1	2	1	2	1	2	2	2	2	2	2	2	1	2	1	4	4	3	2	2	1	2	1
11778	2105875	2106000	1	1	0	0	18	126	2	1	2	1	2	1	2	1	2	1	2	1	2	1	2	1	2	1	2	1	2	1	2	1	3	2	3	2	3	2	2	1	2	1	2	1	2	1	2	1	4	2	2	1	2	1	2	1	2	1	2	1	3	2	2	1	2	1	2	1	2	1	2	1	2	1	2	1	2	1	2	1	4	2	3	2	2	1	2	1	2	1	2	1	2	2	2	2	2	2	2	1	2	1	3	2	3	2	2	1	2	1
11779	2106001	2106080	1	1	0	0	18	80	2	1	2	1	2	1	2	1	2	1	2	1	2	1	2	1	2	1	2	1	2	1	2	1	3	2	3	2	3	2	2	1	2	1	2	1	2	1	2	1	4	2	2	1	2	1	2	1	2	1	2	1	3	2	2	1	2	1	2	1	2	1	2	1	2	1	2	1	2	1	2	1	4	2	3	2	2	1	2	1	2	1	2	1	2	2	2	2	3	3	2	1	2	1	3	2	3	2	2	1	2	1
11782	2106081	2107258	1	1	0	0	18	1178	2	1	2	1	2	1	2	1	2	1	2	1	2	1	2	1	2	1	2	1	2	1	2	1	3	2	3	2	3	2	2	1	2	1	2	1	2	1	2	1	4	2	2	1	2	1	2	1	2	1	2	1	3	2	2	1	2	1	2	1	2	1	2	1	2	1	2	1	2	1	2	1	4	2	3	2	2	1	2	1	2	1	2	1	2	2	2	2	2	2	2	1	2	1	3	2	3	2	2	1	2	1
11783	2107259	2107799	1	1	0	0	18	541	2	1	2	1	2	1	2	1	2	1	2	1	2	1	2	1	2	1	2	1	2	1	2	1	3	2	3	2	3	2	2	1	2	1	2	1	2	1	2	1	4	2	2	1	2	1	2	1	2	1	2	1	3	2	2	1	2	1	2	1	2	1	2	1	2	1	2	1	2	1	2	2	4	2	3	2	2	1	2	1	2	1	2	1	2	2	2	2	2	2	2	1	2	1	3	2	3	2	2	1	2	1
11784	2107800	2107814	1	1	0	0	18	15	2	1	2	1	2	1	2	1	2	1	2	1	2	1	2	1	2	1	2	1	2	1	2	1	3	2	3	2	3	2	2	1	2	1	2	1	2	1	2	1	4	2	2	1	2	1	2	1	2	1	2	1	3	2	2	1	2	1	2	1	2	1	2	1	2	1	2	1	2	1	2	2	4	2	2	2	2	1	2	1	2	1	2	1	2	2	2	2	2	2	2	1	2	1	3	2	3	2	2	1	2	1
11785	2107815	2107837	1	1	0	0	18	23	2	1	2	1	2	1	2	1	2	1	2	1	2	1	2	1	2	1	2	2	2	1	2	1	3	2	3	2	3	2	2	1	2	1	2	1	2	1	2	1	4	2	2	1	2	1	2	1	2	1	2	1	3	2	2	1	2	1	2	1	2	1	2	1	2	1	2	1	2	1	2	2	4	2	2	2	2	1	2	1	2	1	2	1	2	2	2	2	2	2	2	1	2	1	3	2	3	2	2	1	2	1
11789	2107838	2107961	1	1	0	0	18	124	2	1	2	1	2	1	2	1	2	1	2	1	2	1	2	1	2	1	2	2	2	1	2	1	3	2	3	2	3	2	2	1	2	1	2	1	2	1	2	1	4	2	2	1	2	1	2	1	2	1	2	1	3	2	2	1	2	1	2	1	2	1	2	1	2	1	2	1	2	1	2	2	4	2	3	0	2	1	2	1	2	1	2	1	2	2	2	2	3	3	2	1	2	1	3	2	3	2	2	1	2	1
11790	2107962	2107988	2	2	0	0	18.5	27	2	1	2	1	2	1	2	1	2	1	2	1	2	1	2	1	2	1	2	1	2	1	2	1	3	2	3	2	3	2	2	1	2	1	2	1	2	1	2	1	4	2	2	1	2	1	2	1	2	1	2	1	3	2	2	1	2	1	2	1	2	1	2	1	2	1	2	1	2	1	2	1	2	2	3	3	2	2	2	1	2	1	2	1	2	2	2	2	2	2	2	1	2	1	3	3	3	2	2	1	2	1
11791	2107989	2108014	2	2	0	0	18.5	26	2	1	2	1	2	1	2	1	2	1	2	1	2	1	2	1	2	1	2	1	2	1	2	1	3	2	3	2	3	2	2	1	2	1	2	1	2	1	2	1	4	2	2	1	2	1	2	1	2	1	2	1	3	2	2	1	2	1	2	1	2	1	2	1	2	1	2	1	2	1	2	1	2	2	3	3	2	2	2	1	2	1	2	1	2	2	2	2	2	2	2	1	2	1	2	2	3	2	2	1	2	1
11792	2108015	2108266	2	2	0	0	18.5	252	2	1	2	1	2	1	2	1	2	1	2	1	2	1	2	1	2	1	2	1	2	1	2	1	3	2	3	2	3	2	2	1	2	1	2	1	2	1	2	1	4	2	2	1	2	1	2	1	2	1	2	1	3	2	2	1	2	1	2	1	2	1	2	1	2	1	2	1	2	1	2	1	2	2	3	3	2	2	2	1	2	1	2	1	2	2	2	2	2	2	2	1	2	1	3	2	3	2	2	1	2	1
11793	2108267	2108961	2	2	0	0	18.5	695	2	1	2	1	2	1	2	1	2	1	2	1	2	1	2	1	2	1	2	1	2	1	2	1	3	2	3	2	3	2	2	1	2	1	2	1	2	1	2	1	4	2	2	1	2	1	2	1	2	1	2	1	3	2	2	1	2	1	2	1	2	1	2	1	2	1	2	1	2	1	2	1	2	2	3	3	2	1	2	1	2	1	2	1	2	2	2	2	2	2	2	1	2	1	3	2	3	2	2	1	2	1
11794	2108962	2109204	2	2	0	0	18.5	243	2	1	2	1	2	1	2	1	2	1	2	1	2	1	2	1	2	1	2	1	2	1	2	1	3	2	3	2	3	2	2	1	2	1	2	1	2	1	2	1	5	3	2	1	2	1	2	1	2	1	2	1	3	2	2	1	2	1	2	1	2	1	2	1	2	1	2	1	2	1	2	1	2	2	3	3	2	1	2	1	2	1	2	1	2	2	2	2	2	2	2	1	2	1	3	2	3	2	2	1	2	1
11795	2109205	2109400	2	2	0	0	18.5	196	2	1	2	1	2	1	2	1	2	1	2	1	2	1	2	1	2	1	2	1	2	1	2	1	3	2	3	2	3	2	2	1	2	1	2	1	2	1	2	1	5	3	2	1	2	1	2	1	2	1	2	1	3	2	2	1	2	1	2	1	2	1	2	1	2	1	2	1	2	1	2	1	2	2	3	3	2	1	2	1	2	1	2	1	2	2	2	2	2	2	2	1	1	1	3	2	3	2	1	1	2	1
11796	2109401	2109624	2	2	0	0	18.5	224	2	1	2	1	2	1	2	1	2	1	2	1	2	1	2	1	2	1	2	1	2	1	2	1	3	2	3	2	3	2	2	1	2	1	2	1	2	1	2	1	5	3	2	1	2	1	2	1	2	1	2	1	3	2	2	1	2	1	2	1	2	1	2	1	2	1	2	1	2	1	2	1	2	2	3	3	2	1	2	1	2	1	2	1	2	2	2	2	2	2	2	1	2	1	3	2	3	2	2	1	2	1
11797	2109625	2110158	2	2	0	0	18.5	534	2	1	2	1	2	1	2	1	2	1	2	1	2	1	2	1	2	1	2	1	2	1	2	1	3	2	3	2	3	2	2	1	2	1	2	1	2	1	2	1	5	3	2	1	2	1	2	1	2	1	2	1	3	2	2	1	2	1	2	1	2	1	2	1	2	1	2	1	2	1	2	1	2	2	3	3	2	1	2	1	2	1	2	1	1	1	1	1	2	2	2	1	2	1	3	2	3	2	2	1	2	1
11798	2110159	2110162	2	2	0	0	18.5	4	2	1	2	1	2	1	2	1	2	1	2	1	2	1	2	1	2	1	2	1	2	1	2	1	3	2	3	2	3	2	2	1	2	1	2	1	2	1	2	1	5	3	2	1	2	1	2	1	2	1	2	1	3	2	2	1	2	1	2	1	2	1	2	1	2	1	2	1	2	1	2	1	2	2	3	3	2	1	2	1	2	1	2	1	2	2	1	1	2	2	2	1	2	1	3	2	3	2	2	1	2	1
11799	2110163	2111046	2	2	0	0	18.5	884	2	1	2	1	2	1	2	1	2	1	2	1	2	1	2	1	2	1	2	1	2	1	2	1	3	2	3	2	3	2	2	1	2	1	2	1	2	1	2	1	5	3	2	1	2	1	2	1	2	1	2	1	3	2	2	1	2	1	2	1	2	1	2	1	2	1	2	1	2	1	2	1	2	2	3	3	2	1	2	1	2	1	2	1	2	2	2	2	2	2	2	1	2	1	3	2	3	2	2	1	2	1
11801	2111047	2111119	2	2	0	0	18.5	73	2	1	2	1	2	1	2	1	2	1	2	1	2	1	2	1	2	1	2	1	2	1	2	1	3	2	3	2	3	2	2	1	2	1	2	1	2	1	2	1	5	3	2	1	2	1	2	1	2	1	2	1	3	2	2	1	2	1	2	1	2	1	2	1	2	1	2	1	2	1	2	1	2	2	3	3	2	1	2	1	2	1	2	1	2	2	2	2	2	2	2	1	2	1	2	2	2	2	2	1	1	1
11802	2111120	2111279	2	2	0	0	18.5	160	2	1	2	1	2	1	2	1	2	1	2	1	2	1	2	1	2	1	2	1	2	1	2	1	3	2	3	2	3	2	2	1	2	1	2	1	2	1	2	1	5	3	2	1	2	1	2	1	2	1	2	1	3	2	2	1	2	1	2	1	2	1	2	1	2	1	2	1	2	1	2	1	2	2	3	3	2	1	2	1	2	1	2	1	2	2	2	2	2	2	2	1	2	1	3	2	3	2	2	1	2	1
11805	2111280	2111490	2	2	0	0	18.5	211	2	1	2	1	2	1	2	1	2	1	2	1	2	1	2	1	2	1	2	1	2	1	2	1	3	2	3	2	3	2	2	1	2	1	2	1	2	1	2	1	5	3	2	1	2	1	2	1	2	1	2	1	3	2	2	1	2	1	2	1	2	1	2	1	2	1	2	1	2	1	2	1	2	2	3	3	2	1	2	1	2	1	2	1	2	2	2	2	2	2	2	1	2	1	2	2	2	2	2	1	1	1
11806	2111491	2111716	2	2	0	0	18.5	226	2	1	2	1	2	1	2	1	2	1	2	1	2	1	2	1	2	1	2	1	2	1	2	1	3	2	3	2	3	2	2	1	2	1	2	1	2	1	2	1	5	3	2	1	2	1	2	1	2	1	2	1	3	2	2	1	2	1	2	1	2	1	2	1	2	1	2	1	2	1	2	1	2	2	3	3	2	1	2	1	2	1	2	1	2	2	2	2	2	2	2	1	2	1	3	2	3	2	2	1	2	1
11808	2111717	2111732	2	2	0	0	18.5	16	2	1	2	1	2	1	2	1	2	1	2	1	2	1	2	1	2	1	2	1	2	1	2	1	3	2	3	2	3	2	2	1	2	1	2	1	2	1	2	1	5	3	2	1	2	1	2	1	2	1	2	1	3	2	2	1	2	1	2	1	2	1	2	1	2	1	2	1	2	1	2	1	2	2	3	3	2	1	2	1	2	1	2	1	2	2	2	2	2	2	2	1	2	1	2	2	3	2	2	1	1	1
11809	2111733	2112456	2	2	0	0	18.5	724	2	1	2	1	2	1	2	1	2	1	2	1	2	1	2	1	2	1	2	1	2	1	2	1	3	2	3	2	3	2	2	1	2	1	2	1	2	1	2	1	5	3	2	1	2	1	2	1	2	1	2	1	3	2	2	1	2	1	2	1	2	1	2	1	2	1	2	1	2	1	2	1	2	2	3	3	2	1	2	1	2	1	2	1	2	2	2	2	2	2	2	1	2	1	2	2	2	2	2	1	1	1
11810	2112457	2112790	2	2	0	0	18.5	334	2	1	2	1	2	1	2	1	2	1	2	1	2	1	2	1	2	1	2	1	2	1	2	1	3	2	3	2	3	2	2	1	2	1	2	1	2	1	2	1	5	3	2	1	2	1	2	1	2	1	2	1	3	2	2	1	2	1	2	1	2	1	2	1	2	1	2	1	2	1	2	1	2	2	3	3	2	1	2	1	2	1	2	1	2	2	2	2	2	2	2	1	2	1	3	2	3	2	2	1	2	1
11811	2112791	2114295	2	2	0	0	18.5	1505	2	1	2	1	2	1	2	1	2	1	2	1	2	1	2	1	2	1	2	1	2	1	2	1	4	2	3	2	3	2	2	1	2	1	2	1	2	1	2	1	5	3	2	1	2	1	2	1	2	1	2	1	3	2	2	1	2	1	2	1	2	1	2	1	2	1	2	1	2	1	2	1	2	2	3	3	2	1	2	1	2	1	2	1	2	2	2	2	2	2	2	1	2	1	3	2	3	2	2	1	2	1
11812	2114296	2114306	2	2	0	0	18.5	11	2	1	2	1	2	1	2	1	2	1	2	1	2	1	2	1	2	1	2	1	2	1	2	1	4	2	3	2	3	2	2	1	2	1	2	1	2	1	2	1	5	3	2	1	2	1	2	1	2	1	2	1	3	2	2	1	2	1	2	1	2	1	2	1	2	1	2	1	2	1	2	1	2	2	3	3	2	1	2	1	2	1	2	1	0	0	0	0	0	0	2	1	2	1	3	2	3	2	2	1	2	1
11813	2114307	2114382	2	2	0	0	18.5	76	2	1	2	1	2	1	2	1	2	1	2	1	2	1	2	1	2	1	2	1	2	1	2	1	3	2	3	2	3	2	2	1	2	1	2	1	2	1	2	1	5	3	2	1	2	1	2	1	2	1	2	1	3	2	2	1	2	1	2	1	2	1	2	1	2	1	2	1	2	1	2	1	2	2	3	3	2	1	2	1	2	1	2	1	0	0	0	0	0	0	2	1	2	1	3	2	3	2	2	1	2	1
11816	2114383	2116122	2	2	0	0	18.5	1740	2	1	2	1	2	1	2	1	2	1	2	1	2	1	2	1	2	1	2	1	2	1	2	1	3	2	3	2	3	2	2	1	2	1	2	1	2	1	2	1	5	3	2	1	2	1	2	1	2	1	2	1	3	2	2	1	2	1	2	1	2	1	2	1	2	1	2	1	2	1	2	1	2	2	3	3	2	1	2	1	2	1	2	1	2	2	2	2	2	2	2	1	2	1	3	2	3	2	2	1	2	1
11817	2116123	2117199	2	2	0	0	18.5	1077	2	1	2	1	2	1	2	1	2	1	2	1	2	1	2	1	2	1	2	1	2	1	2	1	3	2	3	2	3	2	2	1	2	1	2	1	2	1	2	1	5	3	2	1	2	1	2	1	2	1	2	1	3	2	2	1	2	1	2	1	2	1	2	1	2	1	2	1	2	1	2	2	2	2	3	3	2	1	2	2	2	1	2	1	2	2	2	2	2	2	2	1	2	1	3	2	3	2	2	1	2	1
11818	2117200	2117331	2	2	0	0	18.5	132	2	1	2	1	2	1	2	1	2	1	2	1	2	1	2	1	2	1	2	1	2	1	2	1	3	2	3	2	3	2	2	1	2	1	2	1	2	1	2	1	5	3	2	1	2	1	2	1	2	1	2	1	3	2	2	1	2	2	2	1	2	1	2	1	2	1	2	1	2	1	2	2	2	2	3	3	2	1	2	2	2	1	2	1	2	2	2	2	2	2	2	1	2	1	3	2	3	2	2	1	2	1
11819	2117332	2117860	2	2	0	0	18.5	529	2	1	2	1	2	1	2	1	2	1	2	1	2	1	2	1	2	1	2	1	2	1	2	1	3	2	3	2	3	2	2	1	2	1	2	1	2	1	2	1	3	3	2	1	2	1	2	1	2	1	2	1	3	2	2	1	2	2	2	1	2	1	2	1	2	1	2	1	2	1	2	2	2	2	3	3	2	1	2	2	2	1	2	1	2	2	2	2	2	2	2	1	2	1	3	2	3	2	2	1	2	1
11820	2117861	2118381	2	2	0	0	18.5	521	2	1	2	1	2	1	2	1	2	1	2	1	2	1	2	1	2	1	2	1	2	1	2	1	3	2	3	2	3	2	2	1	2	1	2	1	2	1	2	1	3	3	2	1	2	1	2	1	2	1	2	1	3	2	2	1	2	2	2	1	2	1	2	1	2	1	2	1	2	1	2	2	2	2	3	3	2	1	2	1	2	1	2	1	2	2	2	2	2	2	2	1	2	1	3	2	3	2	2	1	2	1
11821	2118382	2118917	2	2	0	0	18.5	536	2	1	2	1	2	1	2	1	2	1	2	1	2	1	2	1	2	1	2	1	2	1	2	1	3	2	3	2	3	2	2	1	2	1	2	1	2	1	2	1	3	3	2	1	2	1	2	1	2	1	2	1	3	2	2	1	2	2	2	1	2	1	2	1	2	1	2	1	2	1	2	1	2	2	3	3	2	1	2	1	2	1	2	1	2	2	2	2	2	2	2	1	2	1	3	2	3	2	2	1	2	1
11822	2118918	2118924	2	2	0	0	18.5	7	2	1	2	1	2	1	2	1	2	1	2	1	2	1	2	1	2	1	2	1	2	1	2	1	3	2	3	2	3	2	2	1	2	1	2	1	2	1	2	1	3	3	2	1	2	1	2	1	2	1	2	1	3	2	2	1	2	1	2	1	2	1	2	1	2	1	2	1	2	1	2	1	3	3	3	3	2	1	2	1	2	1	2	1	2	2	2	2	2	2	2	1	2	1	3	2	3	2	2	1	2	1
11823	2118925	2118976	2	2	0	0	18.5	52	2	1	2	1	2	1	2	1	2	1	2	1	2	1	2	1	2	1	2	1	2	1	2	1	3	2	3	2	3	2	2	1	2	1	2	1	2	1	2	1	4	4	2	1	2	1	2	1	2	1	2	1	3	2	2	1	2	1	2	1	2	1	2	1	2	1	2	1	2	1	2	1	3	3	3	3	2	1	2	1	2	1	2	1	2	2	2	2	2	2	2	1	2	1	3	2	3	2	2	1	2	1
11824	2118977	2119002	2	2	0	0	18.5	26	2	1	2	1	2	1	2	1	2	1	2	1	2	1	2	1	2	1	2	1	2	1	2	1	3	2	3	2	3	2	2	1	2	1	2	1	2	1	2	1	3	3	2	1	2	1	2	1	2	1	2	1	3	2	2	1	2	1	2	1	2	1	2	1	2	1	2	1	2	1	2	1	2	2	3	3	2	1	2	1	2	1	2	1	2	2	2	2	2	2	2	1	2	1	3	2	3	2	2	1	2	1
11825	2119003	2119097	2	2	0	0	18.5	95	2	1	2	1	2	1	2	1	2	1	2	1	2	1	2	1	2	1	2	1	2	1	2	1	4	2	3	2	4	2	2	1	2	1	2	1	2	1	2	1	3	3	2	1	2	1	2	1	2	1	2	1	3	2	2	1	2	1	2	1	2	1	2	1	2	1	2	1	2	1	2	1	2	2	3	3	2	1	2	1	2	1	2	1	2	2	2	2	2	2	2	1	2	1	3	2	3	2	2	1	2	1
11826	2119098	2119125	2	2	0	0	18.5	28	2	1	2	1	2	1	2	1	2	1	2	1	2	1	2	1	2	1	2	1	2	1	2	1	4	2	3	2	4	2	2	1	2	1	2	1	2	1	2	1	3	3	2	1	2	1	2	1	2	1	2	1	3	2	2	1	2	1	2	1	2	1	2	1	2	1	2	1	2	1	2	1	2	2	3	3	2	1	2	1	2	1	2	1	2	2	2	2	2	2	2	1	2	1	3	2	3	2	2	1	4	2
11827	2119126	2119418	2	2	0	0	18.5	293	2	1	2	1	2	1	2	1	2	1	2	1	2	1	2	1	2	1	2	1	2	1	2	1	4	2	3	2	4	2	2	1	2	1	2	1	2	1	2	1	3	3	2	1	2	1	2	1	2	1	2	1	3	2	2	1	2	1	2	1	2	1	2	1	2	1	2	1	2	1	2	1	2	2	3	3	2	1	2	1	2	1	2	1	2	2	2	2	2	2	2	1	2	1	3	2	3	2	2	1	2	1
11828	2119419	2119422	2	2	0	0	18.5	4	2	1	2	1	2	1	2	1	2	1	2	1	2	1	2	1	2	1	2	1	2	1	2	1	4	2	3	2	4	2	2	1	2	1	2	1	2	1	2	1	3	3	2	1	2	1	2	1	2	1	2	1	3	2	2	1	2	1	2	1	2	1	2	1	2	1	2	1	2	1	2	1	2	2	3	3	2	1	2	1	2	1	2	1	2	2	2	2	2	2	2	1	2	1	2	2	3	2	2	1	2	1
11829	2119423	2119426	2	2	0	0	18.5	4	2	1	2	1	2	1	2	1	2	1	2	1	2	1	2	1	2	1	2	1	2	1	2	1	4	2	3	2	4	2	2	1	2	1	2	1	2	1	2	1	3	3	2	1	2	1	2	1	2	1	2	1	3	2	2	1	2	1	2	1	2	1	2	1	2	1	2	1	2	1	2	1	2	2	3	3	2	1	2	1	2	1	2	1	2	2	2	2	2	2	2	1	2	1	2	2	3	2	2	1	1	1
11830	2119427	2119614	2	2	0	0	18.5	188	2	1	2	1	2	1	2	1	2	1	2	1	2	1	2	1	2	1	2	1	2	1	2	1	4	2	3	2	4	2	2	1	2	1	2	1	2	1	2	1	3	3	2	1	2	1	2	1	2	1	2	1	3	2	2	1	2	1	2	1	2	1	2	1	2	1	2	1	2	1	2	1	2	2	3	3	2	1	2	1	2	1	2	1	2	2	2	2	2	2	2	1	2	1	2	2	2	2	2	1	1	1
11831	2119615	2119621	2	2	0	0	18.5	7	2	1	2	1	2	1	2	1	2	1	2	1	2	1	2	1	2	1	2	1	2	1	2	1	4	2	3	2	4	2	2	1	2	1	2	1	2	1	2	1	3	3	2	1	2	1	2	1	2	1	2	1	3	2	2	1	2	1	2	1	2	1	2	1	2	1	2	1	2	1	2	1	2	2	3	3	2	1	2	1	2	1	2	1	2	2	2	2	2	2	2	1	2	1	2	2	3	3	2	1	2	1
11832	2119622	2119671	2	2	0	0	18.5	50	2	1	2	1	2	1	2	1	2	1	2	1	2	1	2	1	2	1	2	1	2	1	2	1	4	2	3	2	4	2	2	1	2	1	2	1	2	1	2	1	3	3	2	1	2	1	2	1	2	1	2	1	3	2	2	1	2	1	2	1	2	1	2	1	2	1	2	1	2	1	2	1	2	2	3	3	2	1	2	1	2	1	2	1	2	2	2	2	2	2	2	1	2	1	3	2	3	3	2	1	2	1
11834	2119672	2119689	2	2	0	0	18.5	18	2	1	2	1	2	1	2	1	2	1	2	1	2	1	2	1	2	1	2	1	2	1	2	1	4	2	3	2	4	2	2	1	2	1	2	1	2	1	2	1	3	3	2	1	2	1	2	1	2	1	2	1	3	2	2	1	2	1	2	1	2	1	2	1	2	1	2	1	2	1	2	1	2	2	3	3	2	1	2	1	2	1	2	1	2	2	2	2	2	2	2	1	2	1	3	2	2	2	2	1	2	1
11835	2119690	2119713	2	2	0	0	18.5	24	2	1	2	1	2	1	2	1	2	1	2	1	2	1	2	1	2	1	2	1	2	1	2	1	4	2	3	2	4	2	2	1	2	1	2	1	2	1	2	1	3	3	2	1	2	1	2	1	2	1	2	1	3	2	2	1	2	1	2	1	2	1	2	1	2	1	2	1	2	1	2	1	2	2	3	3	2	1	2	1	2	1	2	1	2	2	2	2	2	2	2	1	1	1	3	2	2	2	2	1	2	1
11836	2119714	2119723	2	2	0	0	18.5	10	2	1	2	1	2	1	2	1	2	1	2	1	2	1	2	1	2	1	2	1	2	1	2	1	4	2	3	2	4	2	2	1	2	1	2	1	2	1	2	1	3	3	2	1	2	1	2	1	2	1	2	1	3	2	2	1	2	1	2	1	2	1	2	1	2	1	2	1	2	1	2	1	2	2	3	3	2	1	2	1	2	1	2	1	2	2	2	2	2	2	2	1	1	1	3	2	3	2	2	1	2	1
11838	2119724	2119733	2	2	0	0	18.5	10	2	1	2	1	2	1	2	1	2	1	2	1	2	1	2	1	2	1	2	1	2	1	2	1	4	2	3	2	4	2	2	1	2	1	2	1	2	1	2	1	3	3	2	1	2	1	2	1	2	1	2	1	3	2	2	1	2	1	2	1	2	1	2	1	2	1	2	1	2	1	2	1	2	2	3	3	2	1	2	1	2	1	2	1	2	2	2	2	2	2	2	1	2	1	3	2	3	2	2	1	2	1
11839	2119734	2119739	2	2	0	0	18.5	6	2	1	2	1	2	1	2	1	2	1	2	1	2	1	2	1	2	1	2	1	2	1	2	1	4	2	3	2	4	2	2	1	2	1	2	1	2	1	2	1	4	4	2	1	2	1	2	1	2	1	2	1	3	2	2	1	2	1	2	1	2	1	2	1	2	1	2	1	2	1	2	1	2	2	3	3	2	1	2	1	2	1	2	1	2	2	2	2	2	2	2	1	2	1	3	2	3	2	2	1	2	1
11841	2119740	2119758	2	2	0	0	18.5	19	2	1	2	1	2	1	2	1	2	1	2	1	2	1	2	1	2	1	2	1	2	1	2	1	4	2	4	2	4	2	2	1	2	1	2	1	2	1	2	1	4	4	2	1	2	1	2	1	2	1	2	1	3	2	2	1	2	1	2	1	2	1	2	1	2	1	2	1	2	1	2	1	3	3	3	3	2	1	2	1	2	1	2	1	2	2	2	2	2	2	2	1	2	1	3	2	4	3	2	1	2	1
11842	2119759	2120029	2	2	0	0	18.5	271	2	1	2	1	2	1	2	1	2	1	2	1	2	1	2	1	2	1	2	1	2	1	2	1	4	2	4	2	4	2	2	1	2	1	2	1	2	1	2	1	4	4	2	1	2	1	2	1	2	1	2	1	3	2	2	1	2	1	2	1	2	1	2	1	2	1	2	1	2	1	2	1	3	3	3	3	2	1	2	1	2	1	2	1	2	2	2	2	3	3	2	1	2	1	3	2	4	3	1	1	2	1
11843	2120030	2120033	2	2	0	0	18.5	4	2	1	2	1	2	1	2	1	2	1	2	1	2	1	2	1	2	1	2	1	2	1	2	1	4	2	4	2	4	2	2	1	2	1	2	1	2	1	2	1	4	4	2	1	2	1	2	1	2	1	2	1	3	2	2	1	2	1	2	1	2	1	2	1	2	1	2	1	2	1	2	1	3	3	3	3	2	1	2	1	2	1	2	1	2	2	2	2	3	3	2	1	2	1	4	4	4	3	1	1	2	1
11844	2120034	2120090	2	2	0	0	18.5	57	2	1	2	1	2	1	2	1	2	1	2	1	2	1	2	1	2	1	2	1	2	1	2	1	4	2	4	2	4	2	2	1	2	1	2	1	2	1	2	1	4	4	2	1	2	1	2	1	2	1	2	1	3	2	2	1	2	1	2	1	2	1	2	1	2	1	2	1	2	1	2	1	3	3	3	3	2	1	2	1	2	1	2	1	2	2	2	2	3	3	2	1	2	1	4	4	4	4	1	1	2	1
11847	2120091	2120101	2	2	0	0	18.5	11	2	1	2	1	2	1	2	1	2	1	2	1	2	1	2	1	2	1	2	1	2	1	2	1	4	2	3	2	4	2	2	1	2	1	2	1	2	1	2	1	4	4	2	1	2	1	2	1	2	1	2	1	3	2	2	1	2	1	2	1	2	1	2	1	2	1	2	1	2	1	2	1	3	3	3	3	2	1	2	1	2	1	2	1	2	2	2	2	2	2	2	1	2	1	4	4	3	2	1	1	2	1
11848	2120102	2120105	2	2	0	0	18.5	4	2	1	2	1	2	1	2	1	2	1	2	1	2	1	2	1	2	1	2	1	2	1	2	1	4	2	3	2	4	2	2	1	2	1	2	1	2	1	2	1	3	3	2	1	2	1	2	1	2	1	2	1	3	2	2	1	2	1	2	1	2	1	2	1	2	1	2	1	2	1	2	1	3	3	3	3	2	1	2	1	2	1	2	1	2	2	2	2	2	2	2	1	2	1	4	4	3	2	1	1	2	1
11849	2120106	2120113	2	2	0	0	18.5	8	2	1	2	1	2	1	2	1	2	1	2	1	2	1	2	1	2	1	2	1	2	1	2	1	4	2	3	2	4	2	2	1	2	1	2	1	2	1	2	1	3	3	2	1	2	1	2	1	2	1	2	1	3	2	2	1	2	1	2	1	2	1	2	1	2	1	2	1	2	1	2	1	3	3	3	3	2	1	2	1	2	1	2	1	2	2	2	2	2	2	2	1	2	1	3	2	3	2	1	1	2	1
11850	2120114	2120382	2	2	0	0	18.5	269	2	1	2	1	2	1	2	1	2	1	2	1	2	1	2	1	2	1	2	1	2	1	2	1	4	2	3	2	4	2	2	1	2	1	2	1	2	1	2	1	3	3	2	1	2	1	2	1	2	1	2	1	3	2	2	1	2	1	2	1	2	1	2	1	2	1	2	1	2	1	2	1	2	2	3	3	2	1	2	1	2	1	2	1	2	2	2	2	2	2	2	1	2	1	3	2	3	2	1	1	2	1
11851	2120383	2121196	2	2	0	0	18.5	814	2	1	2	1	2	1	2	1	2	1	2	1	2	1	2	1	2	1	2	1	2	1	2	1	4	2	3	2	4	2	2	1	2	1	2	1	2	1	2	1	3	3	2	1	2	1	2	1	2	1	2	1	3	2	2	1	2	1	2	1	2	1	2	1	2	1	2	1	2	1	2	1	2	2	2	2	2	1	2	1	2	1	2	1	2	2	2	2	2	2	2	1	2	1	3	2	3	2	1	1	2	1
11852	2121197	2121320	2	2	0	0	18.5	124	2	1	2	1	2	1	2	1	2	1	2	1	2	1	2	1	2	1	2	1	2	1	2	1	4	2	3	2	4	2	2	1	2	1	2	1	2	1	2	1	3	3	2	1	2	1	2	1	2	1	2	1	3	2	2	1	2	1	2	1	2	1	2	1	2	1	2	1	2	1	2	1	2	2	2	2	2	1	2	1	2	1	2	1	2	2	2	2	2	2	2	1	2	1	2	2	2	2	1	1	1	1
11854	2121321	2121804	2	2	0	0	18.5	484	2	1	2	1	2	1	2	1	2	1	2	1	2	1	2	1	2	1	2	1	2	1	2	1	4	2	3	2	4	2	2	1	2	1	2	1	2	1	2	1	3	3	2	1	2	1	2	1	2	1	2	1	3	2	2	1	2	1	2	1	2	1	2	1	2	1	2	1	2	1	2	1	2	2	2	2	2	1	2	1	2	1	2	1	2	2	2	2	2	2	2	1	2	1	3	2	3	2	1	1	2	1
11855	2121805	2121848	2	2	0	0	18.5	44	2	1	2	1	2	1	2	1	2	1	2	1	2	1	2	1	2	1	2	1	2	1	2	1	4	2	3	2	4	2	2	1	2	1	2	1	2	1	2	1	3	3	2	1	2	1	2	1	2	1	2	1	3	2	2	1	2	1	2	1	2	1	2	1	2	1	2	1	2	1	2	1	2	2	3	3	2	1	2	1	2	1	2	1	2	2	2	2	2	2	2	1	2	1	3	2	3	2	1	1	2	1
11856	2121849	2123567	2	2	0	0	18.5	1719	2	1	2	1	2	1	2	1	2	1	2	1	2	1	2	1	2	1	2	1	2	1	2	1	4	2	3	2	4	2	2	1	2	1	2	1	2	1	2	1	2	2	2	1	2	1	2	1	2	1	2	1	3	2	2	1	2	1	2	1	2	1	2	1	2	1	2	1	2	1	2	1	2	2	3	3	2	1	2	1	2	1	2	1	2	2	2	2	2	2	2	1	2	1	3	2	3	2	1	1	2	1
11857	2123568	2123613	2	2	0	0	18.5	46	2	1	2	1	2	1	2	1	2	1	2	1	2	1	2	1	2	1	2	1	2	1	2	1	4	2	3	2	4	2	2	1	2	1	2	1	2	1	2	1	2	2	2	1	2	1	2	1	2	1	2	1	3	2	2	1	2	1	2	1	2	1	2	1	2	1	2	1	2	2	2	1	2	2	3	3	2	1	2	1	2	1	2	1	2	2	2	2	2	2	2	1	2	1	3	2	3	2	1	1	2	1
11858	2123614	2125123	2	2	0	0	18.5	1510	2	1	2	1	2	1	2	1	2	1	2	1	2	1	2	1	2	1	2	1	2	1	2	1	4	2	3	2	4	2	2	1	2	1	2	1	2	1	2	1	2	2	2	1	2	1	2	1	2	1	2	1	3	2	2	1	2	1	2	1	2	1	2	1	2	2	2	1	2	2	2	1	2	2	3	3	2	1	2	1	2	1	2	1	2	2	2	2	2	2	2	1	2	1	3	2	3	2	1	1	2	1
11859	2125124	2125169	2	2	0	0	18.5	46	2	1	2	1	2	1	2	1	2	1	2	1	2	1	2	1	2	1	2	1	2	1	2	1	4	2	3	2	4	2	2	1	2	1	2	1	2	1	2	1	2	2	2	1	2	1	2	1	2	1	2	1	3	2	2	1	2	1	2	1	2	1	2	1	2	2	2	1	2	1	2	1	2	2	3	3	2	1	2	1	2	1	2	1	2	2	2	2	2	2	2	1	2	1	3	2	3	2	1	1	2	1
11860	2125170	2125192	2	2	0	0	18.5	23	2	1	2	1	2	1	2	1	2	1	2	1	2	1	2	1	2	1	2	1	2	1	2	1	4	2	3	2	4	2	2	1	2	1	2	1	2	1	2	1	2	2	2	1	2	1	2	1	2	1	2	1	3	2	2	1	2	1	2	1	2	1	2	1	2	1	2	1	2	1	2	1	2	2	3	3	2	1	2	1	2	1	2	1	2	2	2	2	2	2	2	1	2	1	3	2	3	2	1	1	2	1
11861	2125193	2125460	2	2	0	0	18.5	268	2	1	2	1	2	1	2	1	2	1	2	1	2	1	2	1	2	1	2	1	2	1	2	1	4	2	3	2	4	2	2	1	2	1	2	1	2	1	2	1	2	2	2	1	2	1	2	1	2	1	2	1	3	2	2	1	2	1	2	1	2	1	2	1	2	1	2	1	2	1	2	1	3	3	3	3	2	1	2	1	2	1	2	1	2	2	2	2	2	2	2	1	2	1	3	2	3	2	1	1	2	1
11862	2125461	2125688	2	2	0	0	18.5	228	2	1	2	1	2	1	2	1	2	1	2	1	2	1	2	1	2	1	2	1	2	1	2	1	4	2	3	2	4	2	2	1	2	1	2	1	2	1	2	1	2	2	2	1	2	1	2	1	2	1	2	1	3	2	2	1	2	1	2	1	2	1	2	1	2	1	2	1	2	1	2	1	2	2	3	3	2	1	2	1	2	1	2	1	2	2	2	2	2	2	2	1	2	1	3	2	3	2	1	1	2	1
11863	2125689	2126304	2	2	0	0	18.5	616	2	1	2	1	2	1	2	1	2	1	2	1	2	1	2	1	2	1	2	1	2	1	2	1	4	2	3	2	4	2	2	1	2	1	2	1	2	1	2	1	2	2	2	1	2	1	2	1	2	1	2	1	3	2	2	1	2	1	2	1	2	1	2	1	2	1	2	1	2	1	2	1	3	3	3	3	2	1	2	1	2	1	2	1	2	2	2	2	2	2	2	1	2	1	3	2	3	2	1	1	2	1
11864	2126305	2126588	2	2	0	0	18.5	284	2	1	2	1	2	1	2	1	2	1	2	1	2	1	2	1	2	1	2	1	2	1	2	1	4	2	3	2	4	2	2	1	2	1	2	1	2	1	2	1	2	2	2	1	2	1	2	1	2	1	2	1	3	2	2	1	2	1	2	1	2	1	2	1	2	1	2	1	2	1	2	1	2	2	3	3	2	1	2	1	2	1	2	1	2	2	2	2	2	2	2	1	2	1	3	2	3	2	1	1	2	1
11867	2126589	2127690	2	2	0	0	18.5	1102	2	1	2	1	2	1	2	1	2	1	2	1	2	1	2	1	2	1	2	1	2	1	2	1	4	2	3	2	4	2	2	1	2	1	2	1	2	1	2	1	2	2	2	1	2	1	2	1	2	1	2	1	3	2	2	1	2	1	2	1	2	1	2	1	2	1	2	1	2	1	2	1	3	3	3	3	2	1	2	1	2	1	2	1	2	2	2	2	2	2	2	1	2	1	3	2	3	2	1	1	2	1
11868	2127691	2127914	2	2	0	0	18.5	224	2	1	2	1	2	1	2	1	2	1	2	1	2	1	2	1	2	1	2	1	2	1	2	1	4	2	3	2	3	2	2	1	2	1	2	1	2	1	2	1	2	2	2	1	2	1	2	1	2	1	2	1	3	2	2	1	2	1	2	1	2	1	2	1	2	1	2	1	2	1	2	1	3	3	3	3	2	1	2	1	2	1	2	1	2	2	2	2	2	2	2	1	2	1	3	2	3	2	1	1	2	1
11869	2127915	2127984	2	2	0	0	18.5	70	2	1	2	1	2	1	2	1	2	1	2	1	2	1	2	1	2	1	2	1	2	1	2	1	4	2	3	2	3	2	2	1	2	1	2	1	2	1	2	1	2	2	2	1	2	1	2	1	2	1	2	1	3	2	2	1	2	1	2	1	2	1	2	1	2	1	2	1	2	1	2	1	2	2	3	3	2	1	2	1	2	1	2	1	2	2	2	2	2	2	2	1	2	1	3	2	3	2	1	1	2	1
11870	2127985	2128467	2	2	0	0	18.5	483	2	1	2	1	2	1	2	1	2	1	2	1	2	1	2	1	2	1	2	1	2	1	2	1	4	2	3	2	3	2	2	1	2	1	2	1	2	1	2	1	2	2	2	1	2	1	2	1	2	1	2	1	3	2	2	1	2	1	2	1	2	1	2	1	2	1	2	1	2	1	2	1	3	3	3	3	2	1	2	1	2	1	2	1	2	2	2	2	2	2	2	1	2	1	3	2	3	2	1	1	2	1
11871	2128468	2129393	2	2	0	0	18.5	926	2	1	2	1	2	1	2	1	2	1	2	1	2	1	2	1	2	1	2	1	2	1	2	1	4	2	3	2	4	2	2	1	2	1	2	1	2	1	2	1	2	2	2	1	2	1	2	1	2	1	2	1	3	2	2	1	2	1	2	1	2	1	2	1	2	1	2	1	2	1	2	1	3	3	3	3	2	1	2	1	2	1	2	1	2	2	2	2	2	2	2	1	2	1	3	2	3	2	1	1	2	1
11872	2129394	2129596	2	2	0	0	18.5	203	2	1	2	1	2	1	2	1	2	1	2	1	2	1	2	1	2	1	2	1	2	1	2	1	4	2	3	2	4	2	2	1	2	1	2	1	2	1	2	1	2	2	2	1	2	1	2	1	2	1	2	1	3	2	2	1	2	1	2	1	2	1	2	1	2	1	2	1	2	1	2	1	2	2	3	3	2	1	2	1	2	1	2	1	2	2	2	2	2	2	2	1	2	1	3	2	3	2	1	1	2	1
11875	2129597	2130579	2	2	0	0	18.5	983	2	1	2	1	2	1	2	1	2	1	2	1	2	1	2	1	2	1	2	1	2	1	2	1	4	2	3	2	4	2	2	1	2	1	2	1	2	1	2	1	2	2	2	1	2	1	2	1	2	1	2	1	3	2	2	1	2	1	2	1	2	1	2	1	2	1	2	1	2	1	2	1	3	3	3	3	2	1	2	1	2	1	2	1	2	2	2	2	2	2	2	1	2	1	3	2	3	2	1	1	2	1
11876	2130580	2131080	2	2	0	0	18.5	501	2	1	2	1	2	1	2	1	2	1	2	1	2	1	2	1	2	1	2	1	2	1	2	1	4	2	3	2	4	2	2	1	2	1	2	1	2	1	2	1	2	2	2	1	2	1	2	1	2	1	2	1	3	2	2	1	2	1	2	1	2	1	2	1	2	1	2	1	2	1	2	1	2	2	3	3	2	1	2	1	2	1	2	1	2	2	2	2	2	2	2	1	2	1	3	2	3	2	1	1	2	1
11877	2131081	2131096	2	2	0	0	18.5	16	2	1	2	1	2	1	2	1	2	1	2	1	2	1	2	1	2	1	2	1	2	1	2	1	4	2	3	2	4	2	2	1	2	1	2	1	2	1	2	1	2	2	2	1	2	1	2	1	2	1	2	1	3	2	2	1	2	1	2	1	2	1	2	1	2	1	2	1	2	1	2	1	2	2	3	3	2	1	2	1	2	1	2	1	2	2	2	2	2	2	2	1	2	1	3	2	3	2	1	1	1	1
11878	2131097	2131146	2	2	0	0	18.5	50	2	1	2	1	2	1	2	1	2	1	2	1	2	1	2	1	2	1	2	1	2	1	2	1	4	2	3	2	4	2	2	1	2	1	2	1	2	1	2	1	2	2	2	1	2	1	2	1	2	1	2	1	3	2	2	1	2	1	2	1	2	1	2	1	2	1	2	1	2	1	2	1	2	2	3	3	2	1	2	1	2	1	2	1	2	2	2	2	2	2	2	1	2	1	3	2	2	2	1	1	1	1
11879	2131147	2131170	2	2	0	0	18.5	24	2	1	2	1	2	1	2	1	2	1	2	1	2	1	2	1	2	1	2	1	2	1	2	1	4	2	3	2	4	2	2	1	2	1	2	1	2	1	2	1	2	2	2	1	2	1	2	1	2	1	2	1	3	2	2	1	2	1	2	1	2	1	2	1	2	1	2	1	2	1	2	1	2	2	3	3	2	1	2	1	2	1	2	1	2	2	2	2	2	2	2	1	2	1	3	2	3	2	1	1	2	1
11880	2131171	2131239	2	2	0	0	18.5	69	2	1	2	1	2	1	2	1	2	1	2	1	2	1	2	1	2	1	2	1	2	1	2	1	4	2	3	2	3	2	2	1	2	1	2	1	2	1	2	1	2	2	2	1	2	1	2	1	2	1	2	1	3	2	2	1	2	1	2	1	2	1	2	1	2	1	2	1	2	1	2	1	2	2	3	3	2	1	2	1	2	1	2	1	2	2	2	2	2	2	2	1	2	1	3	2	3	2	1	1	2	1
11881	2131240	2131254	2	2	0	0	18.5	15	2	1	2	1	2	1	2	1	2	1	2	1	2	1	2	1	2	1	2	1	2	1	2	1	4	2	3	2	3	2	2	1	2	1	2	1	2	1	2	1	2	2	2	1	2	1	2	1	2	1	2	1	3	2	2	1	2	1	2	1	2	1	2	1	2	1	2	1	2	1	2	1	2	2	3	3	2	1	2	1	2	1	2	1	2	2	2	2	2	2	2	1	2	1	3	2	3	2	1	1	1	1
11883	2131255	2131914	2	2	0	0	18.5	660	2	1	2	1	2	1	2	1	2	1	2	1	2	1	2	1	2	1	2	1	2	1	2	1	4	2	3	2	3	2	2	1	2	1	2	1	2	1	2	1	2	2	2	1	2	1	2	1	2	1	2	1	3	2	2	1	2	1	2	1	2	1	2	1	2	1	2	1	2	1	2	1	2	2	3	3	2	1	2	1	2	1	2	1	2	2	2	2	2	2	2	1	2	1	2	2	2	2	1	1	1	1
11884	2131915	2131990	2	2	0	0	18.5	76	2	1	2	1	2	1	2	1	2	1	2	1	2	1	2	1	2	1	2	1	2	1	2	1	4	2	3	2	3	2	2	1	2	1	2	1	2	1	2	1	2	2	2	1	2	1	2	1	2	1	2	1	3	2	2	1	2	1	2	1	2	1	2	1	2	1	2	1	2	1	2	1	2	2	3	3	2	1	2	1	2	1	2	1	2	2	2	2	2	2	2	1	2	1	3	2	3	2	1	1	2	1
11885	2131991	2132021	2	2	0	0	18.5	31	2	1	2	1	2	1	2	1	2	1	2	1	2	1	2	1	2	1	2	1	2	1	2	1	4	2	3	2	3	2	2	1	2	1	2	1	2	1	2	1	2	2	2	1	2	1	2	1	2	1	2	1	3	2	2	1	2	1	2	1	2	1	2	1	2	1	2	1	2	1	2	1	2	2	3	3	2	1	2	1	2	1	2	1	2	2	2	2	2	2	2	1	2	1	3	2	3	3	1	1	2	2
11886	2132022	2132551	2	2	0	0	18.5	530	2	1	2	1	2	1	2	1	2	1	2	1	2	1	2	1	2	1	2	1	2	1	2	1	4	2	3	2	3	2	2	1	2	1	2	1	2	1	2	1	2	2	2	1	2	1	2	1	2	1	2	1	3	2	2	1	2	1	2	1	2	1	2	1	2	1	2	1	2	1	2	1	2	2	3	3	2	1	2	1	2	1	2	1	2	2	2	2	2	2	2	1	2	1	2	2	2	2	1	1	1	1
11887	2132552	2132871	2	2	0	0	18.5	320	2	1	2	1	2	1	2	1	2	1	2	1	2	1	2	1	2	1	2	1	2	1	2	1	4	2	3	2	3	2	2	1	2	1	2	1	2	1	2	1	2	2	2	1	2	1	2	1	2	1	2	1	3	2	2	1	2	1	2	1	2	1	2	1	2	1	2	1	2	1	2	1	2	2	3	3	2	1	2	1	2	1	2	1	2	2	2	2	2	2	2	1	2	1	3	2	2	2	1	1	1	1
11888	2132872	2133408	2	2	0	0	18.5	537	2	1	2	1	2	1	2	1	2	1	2	1	2	1	2	1	2	1	2	1	2	1	2	1	4	2	3	2	3	2	2	1	2	1	2	1	2	1	2	1	2	2	2	1	2	1	2	1	2	1	2	1	3	2	2	1	2	1	2	1	2	1	2	1	2	1	2	1	2	1	2	1	2	2	3	3	2	1	2	1	2	1	2	1	2	2	2	2	2	2	2	1	2	1	3	2	3	2	1	1	2	1
11889	2133409	2133967	2	2	0	0	18.5	559	2	1	2	1	2	1	2	1	2	1	2	1	2	1	2	1	2	1	2	1	2	1	2	1	4	2	3	2	3	2	2	1	2	1	2	1	2	1	2	1	2	2	2	1	2	1	2	1	2	1	2	1	3	2	2	1	2	1	2	1	2	1	2	1	2	1	2	1	2	1	2	1	2	2	3	3	2	1	2	1	2	1	2	1	2	2	2	2	2	2	2	1	2	1	2	2	2	2	1	1	1	1
11891	2133968	2134119	2	2	0	0	18.5	152	2	1	2	1	2	1	2	1	2	1	2	1	2	1	2	1	2	1	2	1	2	1	2	1	4	2	3	2	3	2	2	1	2	1	2	1	2	1	2	1	2	2	2	1	2	1	2	1	2	1	2	1	3	2	2	1	2	1	2	1	2	1	2	1	2	1	2	1	2	1	2	1	2	2	3	3	2	1	2	1	2	1	2	1	2	2	2	2	2	2	2	1	2	1	3	2	3	2	1	1	2	1
11893	2134120	2134418	2	2	0	0	18.5	299	2	1	2	1	2	1	2	1	2	1	2	1	2	1	2	1	2	1	2	1	2	1	2	1	4	2	3	2	3	2	2	1	2	1	2	1	2	1	2	1	2	2	2	1	2	1	2	1	2	1	2	1	3	2	2	1	2	1	2	1	2	1	2	1	2	1	2	1	2	1	2	1	2	2	3	3	2	1	2	1	2	1	2	1	2	2	2	2	2	2	2	1	2	1	2	2	2	2	1	1	1	1
11894	2134419	2136259	2	2	0	0	18.5	1841	2	1	2	1	2	1	2	1	2	1	2	1	2	1	2	1	2	1	2	1	2	1	2	1	4	2	3	2	3	2	2	1	2	1	2	1	2	1	2	1	2	2	2	1	2	1	2	1	2	1	2	1	3	2	2	1	2	1	2	1	2	1	2	1	2	1	2	1	2	1	2	1	2	2	3	3	2	1	2	1	2	1	2	1	2	2	2	2	2	2	2	1	2	1	3	2	3	2	1	1	2	1
11895	2136260	2136315	2	2	0	0	18.5	56	2	1	2	1	2	1	2	1	2	1	2	1	2	1	2	1	2	1	2	1	2	1	2	1	4	2	3	2	3	2	2	1	2	1	2	1	2	1	2	1	2	2	2	1	2	1	2	1	2	1	2	1	3	2	2	1	2	1	2	1	2	1	2	1	2	1	2	1	2	1	2	1	3	3	3	3	2	1	2	1	2	1	2	1	2	2	2	2	2	2	2	1	2	1	3	2	3	2	1	1	2	1
11896	2136316	2136412	2	2	0	0	18.5	97	2	1	2	1	2	1	2	1	2	1	2	1	2	1	2	1	2	1	2	1	2	1	2	1	4	2	3	2	3	2	2	1	2	1	2	1	2	1	2	1	2	2	2	1	2	1	2	1	2	1	2	1	3	2	2	1	2	1	2	1	2	1	2	1	2	1	2	1	2	1	2	1	2	2	3	3	2	1	2	1	2	1	2	1	2	2	2	2	2	2	2	1	2	1	3	2	3	2	1	1	2	1
11897	2136413	2136440	2	2	0	0	18.5	28	2	1	2	1	2	1	2	1	2	1	2	1	2	1	2	1	2	1	2	1	2	1	2	1	4	2	3	2	3	2	2	1	2	1	2	1	2	1	2	1	2	2	2	1	2	1	2	1	2	1	2	1	3	2	2	1	2	1	2	1	2	1	2	1	2	1	2	1	2	1	2	1	3	3	3	3	2	1	2	1	2	1	2	1	2	2	2	2	2	2	2	1	2	1	3	2	3	2	1	1	2	1
11898	2136441	2136815	2	2	0	0	18.5	375	2	1	2	1	2	1	2	1	2	1	2	1	2	1	2	1	2	1	2	1	2	1	2	1	4	2	3	2	3	2	2	1	2	1	2	1	2	1	2	1	2	2	2	1	2	1	2	1	2	1	2	1	3	2	2	1	2	1	2	1	2	1	2	1	2	1	2	1	2	1	2	1	2	2	3	3	2	1	2	1	2	1	2	1	2	2	2	2	2	2	2	1	2	1	3	2	3	2	1	1	2	1
11899	2136816	2141780	2	2	0	0	18.5	4965	2	1	2	1	2	1	2	1	2	1	2	1	2	1	2	1	2	1	2	1	2	1	2	1	3	2	3	2	3	2	2	1	2	1	2	1	2	1	2	1	2	2	2	1	2	1	2	1	2	1	2	1	3	2	2	1	2	1	2	1	2	1	2	1	2	1	2	1	2	1	2	1	2	2	3	3	2	1	2	1	2	1	2	1	2	2	2	2	2	2	2	1	2	1	3	2	3	2	1	1	2	1
11900	2141781	2141916	2	2	0	0	18.5	136	2	1	2	1	2	1	2	1	2	1	2	1	2	1	2	1	2	1	2	1	2	1	2	1	3	2	3	2	3	2	2	1	2	1	2	1	2	1	2	1	2	2	2	1	2	1	2	1	2	1	2	1	3	2	2	1	2	1	2	1	2	1	2	1	2	1	2	1	2	1	2	1	2	2	2	2	2	1	2	1	2	1	2	1	2	2	2	2	2	2	2	1	2	1	3	2	3	2	1	1	2	1
11901	2141917	2143659	2	2	0	0	18.5	1743	2	1	2	1	2	1	2	1	2	1	2	1	2	1	2	1	2	1	2	1	2	1	2	1	3	2	3	2	3	2	2	1	2	1	2	1	2	1	2	1	2	2	2	1	2	1	2	1	2	1	2	1	3	2	2	1	2	1	2	1	2	1	2	1	2	1	2	1	2	1	2	1	2	2	3	3	2	1	2	1	2	1	2	1	2	2	2	2	2	2	2	1	2	1	3	2	3	2	1	1	2	1
11902	2143660	2143719	2	2	0	0	18.5	60	2	1	2	1	2	1	2	1	2	1	2	1	2	1	2	1	2	1	2	1	2	1	2	1	3	2	3	2	4	2	2	1	2	1	2	1	2	1	2	1	2	2	2	1	2	1	2	1	2	1	2	1	3	2	2	1	2	1	2	1	2	1	2	1	2	1	2	1	2	1	2	1	2	2	3	3	2	1	2	1	2	1	2	1	2	2	2	2	2	2	2	1	2	1	3	2	3	2	1	1	2	1
11903	2143720	2143913	2	2	0	0	18.5	194	2	1	2	1	2	1	2	1	2	1	2	1	2	1	2	1	2	1	2	1	2	1	2	1	3	2	3	2	4	2	2	1	2	1	2	1	2	1	2	1	4	4	2	1	2	1	2	1	2	1	2	1	3	2	2	1	2	1	2	1	2	1	2	1	2	1	2	1	2	1	2	1	2	2	3	3	2	1	2	1	2	1	2	1	2	2	2	2	2	2	2	1	2	1	3	2	3	2	1	1	2	1
11904	2143914	2144674	2	2	0	0	18.5	761	2	1	2	1	2	1	2	1	2	1	2	1	2	1	2	1	2	1	2	1	2	1	2	1	4	2	3	2	4	2	2	1	2	1	2	1	2	1	2	1	4	4	2	1	2	1	2	1	2	1	2	1	3	2	2	1	2	1	2	1	2	1	2	1	2	1	2	1	2	1	2	1	2	2	3	3	2	1	2	1	2	1	2	1	2	2	2	2	2	2	2	1	2	1	3	2	3	2	1	1	2	1
11905	2144675	2147671	2	2	0	0	18.5	2997	2	1	2	1	2	1	2	1	2	1	2	1	2	1	2	1	2	1	2	1	2	1	2	1	4	2	3	2	3	2	2	1	2	1	2	1	2	1	2	1	4	4	2	1	2	1	2	1	2	1	2	1	3	2	2	1	2	1	2	1	2	1	2	1	2	1	2	1	2	1	2	1	2	2	3	3	2	1	2	1	2	1	2	1	2	2	2	2	2	2	2	1	2	1	3	2	3	2	1	1	2	1
11906	2147672	2150977	2	2	0	0	18.5	3306	2	1	2	1	2	1	2	1	2	1	2	1	2	1	2	1	2	1	2	1	2	1	2	1	5	3	3	2	3	2	2	1	2	1	2	1	2	1	2	1	4	4	2	1	2	1	2	1	2	1	2	1	3	2	2	1	2	1	2	1	2	1	2	1	2	1	2	1	2	1	2	1	2	2	3	3	2	1	2	1	2	1	2	1	2	2	2	2	2	2	2	1	2	1	3	2	3	2	1	1	2	1
11907	2150978	2151003	2	2	0	0	18.5	26	2	1	2	1	2	1	2	1	2	1	2	1	2	1	2	1	2	1	2	1	2	1	2	1	5	3	5	3	3	2	2	1	2	1	2	1	2	1	2	1	4	4	2	1	2	1	2	1	2	1	2	1	3	2	2	1	2	1	2	1	2	1	2	1	2	1	2	1	2	1	2	1	2	2	3	3	2	1	2	1	2	1	2	1	2	2	2	2	2	2	2	1	2	1	3	2	3	2	1	1	2	1
11908	2151004	2151639	2	2	0	0	18.5	636	2	1	2	1	2	1	2	1	2	1	2	1	2	1	2	1	2	1	2	1	2	1	2	1	5	3	3	2	3	2	2	1	2	1	2	1	2	1	2	1	4	4	2	1	2	1	2	1	2	1	2	1	3	2	2	1	2	1	2	1	2	1	2	1	2	1	2	1	2	1	2	1	2	2	3	3	2	1	2	1	2	1	2	1	2	2	2	2	2	2	2	1	2	1	3	2	3	2	1	1	2	1
11909	2151640	2152165	2	2	0	0	18.5	526	2	1	2	1	2	1	2	1	2	1	2	1	2	1	2	1	2	1	2	1	2	1	2	1	5	3	3	2	3	2	2	1	2	1	2	1	2	1	2	1	4	4	2	1	2	1	2	1	2	1	2	1	3	2	2	1	2	1	2	1	2	1	2	1	2	1	2	1	2	1	2	1	2	2	3	3	2	1	2	1	2	1	2	1	2	2	2	2	2	2	2	1	2	1	1	1	1	1	1	1	1	1
11910	2152166	2152193	2	2	0	0	18.5	28	2	1	2	1	2	1	2	1	2	1	2	1	2	1	2	1	2	1	2	1	2	1	2	1	5	3	3	2	3	2	2	1	2	1	2	1	2	1	2	1	4	4	2	1	2	1	2	1	2	1	2	1	3	2	2	1	2	1	2	1	2	1	2	1	2	1	2	1	2	1	2	1	2	2	3	3	2	1	2	1	2	1	2	1	2	2	2	2	2	2	2	1	2	1	3	2	3	2	1	1	2	1
11911	2152194	2152375	2	2	0	0	18.5	182	2	1	2	1	2	1	2	1	2	1	2	1	2	1	2	1	2	1	2	1	2	1	2	1	5	3	3	2	3	2	2	1	2	1	2	1	2	1	2	1	4	4	2	1	2	1	2	1	2	1	2	1	3	2	2	1	2	1	2	1	2	1	2	1	2	1	2	1	2	1	2	1	2	2	3	3	2	1	2	1	2	1	2	1	2	2	2	2	2	2	2	1	2	1	1	1	1	1	1	1	1	1
11912	2152376	2152539	2	2	0	0	18.5	164	2	1	2	1	2	1	2	1	2	1	2	1	2	1	2	1	2	1	2	1	2	1	2	1	5	3	3	2	3	2	2	1	2	1	2	1	2	1	2	1	4	4	2	1	2	1	2	1	2	1	2	1	3	2	2	1	2	1	2	1	2	1	2	1	2	1	2	1	2	1	2	1	2	2	3	3	2	1	2	1	2	1	2	1	2	2	2	2	2	2	2	1	2	1	3	2	3	2	1	1	2	1
11913	2152540	2152564	2	2	0	0	18.5	25	2	1	2	1	2	1	2	1	2	1	2	1	2	1	2	1	2	1	2	1	2	1	2	1	5	3	3	2	4	2	2	1	2	1	2	1	2	1	2	1	4	4	2	1	2	1	2	1	2	1	2	1	3	2	2	1	2	1	2	1	2	1	2	1	2	1	2	1	2	1	2	1	2	2	3	3	2	1	2	1	2	1	2	1	2	2	2	2	2	2	2	1	2	1	3	2	3	2	1	1	2	1
11914	2152565	2152656	2	2	0	0	18.5	92	2	1	2	1	2	1	2	1	2	1	2	1	2	1	2	1	2	1	2	1	2	1	2	1	5	3	3	2	4	2	2	1	2	1	2	1	2	1	2	1	5	5	2	1	2	1	2	1	2	1	2	1	3	2	2	1	2	1	2	1	2	1	2	1	2	1	2	1	2	1	2	1	2	2	3	3	2	1	2	1	2	1	2	1	2	2	2	2	2	2	2	1	2	1	3	2	3	2	1	1	2	1
11915	2152657	2152976	2	2	0	0	18.5	320	2	1	2	1	2	1	2	1	2	1	2	1	2	1	2	1	2	1	2	1	2	1	2	1	5	3	3	2	4	2	2	1	2	1	2	1	2	1	2	1	5	5	2	1	2	1	2	1	2	1	2	1	3	2	2	1	2	1	2	1	2	1	2	1	2	1	2	1	2	1	2	1	2	2	3	3	2	1	2	1	2	1	2	1	2	2	2	2	2	2	2	1	2	1	1	1	1	1	1	1	1	1
11917	2152977	2153420	2	2	0	0	18.5	444	2	1	2	1	2	1	2	1	2	1	2	1	2	1	2	1	2	1	2	1	2	1	2	1	5	3	3	2	4	2	2	1	2	1	2	1	2	1	2	1	5	5	2	1	2	1	2	1	2	1	2	1	3	2	2	1	2	1	2	1	2	1	2	1	2	1	2	1	2	1	2	1	2	2	3	3	2	1	2	1	2	1	2	1	2	2	2	2	2	2	2	1	2	1	5	4	5	4	1	1	4	3
11918	2153421	2153749	2	2	0	0	18.5	329	2	1	2	1	2	1	2	1	2	1	2	1	2	1	2	1	2	1	2	1	2	1	2	1	5	3	3	2	4	2	2	1	2	1	2	1	2	1	2	1	5	5	2	1	2	1	2	1	2	1	2	1	3	2	2	1	2	1	2	1	2	1	2	1	2	1	2	1	2	1	2	1	3	3	3	3	2	1	2	1	2	1	2	1	2	2	2	2	2	2	2	1	2	1	5	4	5	4	1	1	4	3
11919	2153750	2154107	2	2	0	0	18.5	358	2	1	2	1	2	1	2	1	2	1	2	1	2	1	2	1	2	1	2	1	2	1	2	1	5	3	3	2	4	2	2	1	2	1	2	1	2	1	2	1	5	5	2	1	2	1	2	1	2	1	2	1	3	2	2	1	2	1	2	1	2	1	2	1	2	1	2	1	2	1	2	1	2	2	3	3	2	1	2	1	2	1	2	1	2	2	2	2	2	2	2	1	2	1	5	4	5	4	1	1	4	3
11920	2154108	2154129	2	2	0	0	18.5	22	2	1	2	1	2	1	2	1	2	1	2	1	2	1	2	1	2	1	2	1	2	1	2	1	5	3	3	2	4	2	2	1	2	1	2	1	2	1	2	1	5	5	2	1	2	1	2	1	2	1	2	1	3	2	2	1	2	1	2	1	2	1	2	1	2	1	2	1	2	1	2	1	3	3	3	3	2	1	2	1	2	1	2	1	2	2	2	2	2	2	2	1	2	1	5	4	5	4	1	1	4	3
11921	2154130	2156532	2	2	0	0	18.5	2403	2	1	2	1	2	1	2	1	2	1	2	1	2	1	2	1	2	1	2	1	2	1	2	1	5	3	3	2	4	2	2	1	2	1	2	1	2	1	2	1	5	5	2	1	2	1	2	1	2	1	2	1	3	2	2	1	2	1	2	1	2	1	2	1	2	1	2	1	2	1	2	1	2	2	3	3	2	1	2	1	2	1	2	1	2	2	2	2	2	2	2	1	2	1	5	4	5	4	1	1	4	3
11922	2156533	2156832	2	2	0	0	18.5	300	2	1	2	1	2	1	2	1	2	1	2	1	2	1	2	1	2	1	2	1	2	1	2	1	5	3	3	2	4	2	2	1	2	1	2	1	2	1	2	1	5	5	2	1	2	1	2	1	2	1	2	1	3	2	2	1	2	1	2	1	2	1	2	1	2	1	2	1	2	1	2	1	3	3	3	3	2	1	2	1	2	1	2	1	2	2	2	2	2	2	2	1	2	1	5	4	5	4	1	1	4	3
11923	2156833	2156866	2	2	0	0	18.5	34	2	1	2	1	2	1	2	1	2	1	2	1	2	1	2	1	2	1	2	1	2	1	2	1	5	3	3	2	4	2	2	1	2	1	2	1	2	1	2	1	4	4	2	1	2	1	2	1	2	1	2	1	3	2	2	1	2	1	2	1	2	1	2	1	2	1	2	1	2	1	2	1	3	3	3	3	2	1	2	1	2	1	2	1	2	2	2	2	2	2	2	1	2	1	5	4	5	4	1	1	4	3
11924	2156867	2158732	2	2	0	0	18.5	1866	2	1	2	1	2	1	2	1	2	1	2	1	2	1	2	1	2	1	2	1	2	1	2	1	5	3	3	2	4	2	2	1	2	1	2	1	2	1	2	1	4	4	2	1	2	1	2	1	2	1	2	1	3	2	2	1	2	1	2	1	2	1	2	1	2	1	2	1	2	1	2	1	2	2	3	3	2	1	2	1	2	1	2	1	2	2	2	2	2	2	2	1	2	1	5	4	5	4	1	1	4	3
11926	2158733	2159020	2	2	0	0	18.5	288	2	1	2	1	2	1	2	1	2	1	2	1	2	1	2	1	2	1	2	1	2	1	2	1	5	3	3	2	4	2	2	1	2	1	2	1	2	1	2	1	5	5	2	1	2	1	2	1	2	1	2	1	3	2	2	1	2	1	2	1	2	1	2	1	2	1	2	1	2	1	2	1	3	3	3	3	2	1	2	1	2	1	2	1	2	2	2	2	2	2	2	1	2	1	5	4	5	4	1	1	4	3
11927	2159021	2159196	2	2	0	0	18.5	176	2	1	2	1	2	1	2	1	2	1	2	1	2	1	2	1	2	1	2	1	2	1	2	1	5	3	4	2	4	2	2	1	2	1	2	1	2	1	2	1	5	5	2	1	2	1	2	1	2	1	2	1	3	2	2	1	2	1	2	1	2	1	2	1	2	1	2	1	2	1	2	1	3	3	3	3	2	1	2	1	2	1	2	1	2	2	2	2	2	2	2	1	2	1	5	4	5	4	1	1	4	3
11928	2159197	2159615	2	2	0	0	18.5	419	2	1	2	1	2	1	2	1	2	1	2	1	2	1	2	1	2	1	2	1	2	1	2	1	5	3	4	2	4	2	2	1	2	1	2	1	2	1	2	1	5	5	2	1	2	1	2	1	2	1	2	1	3	2	2	1	2	1	2	1	2	1	2	1	2	1	2	1	2	1	2	1	3	3	3	3	2	1	2	1	2	1	2	1	2	2	2	2	2	2	2	1	2	1	5	4	6	5	1	1	4	3
11929	2159616	2159717	2	2	0	0	18.5	102	2	1	2	1	2	1	2	1	2	1	2	1	2	1	2	1	2	1	2	1	2	1	2	1	5	3	3	2	4	2	2	1	2	1	2	1	2	1	2	1	5	5	2	1	2	1	2	1	2	1	2	1	3	2	2	1	2	1	2	1	2	1	2	1	2	1	2	1	2	1	2	1	3	3	3	3	2	1	2	1	2	1	2	1	2	2	2	2	2	2	2	1	2	1	5	4	6	5	1	1	4	3
11930	2159718	2159954	2	2	0	0	18.5	237	2	1	2	1	2	1	2	1	2	1	2	1	2	1	2	1	2	1	2	1	2	1	2	1	5	3	3	2	4	2	2	1	2	1	2	1	2	1	2	1	5	5	2	1	2	1	2	1	2	1	2	1	3	2	2	1	2	1	2	1	2	1	2	1	2	1	2	1	2	1	2	1	2	2	3	3	2	1	2	1	2	1	2	1	2	2	2	2	2	2	2	1	2	1	5	4	6	5	1	1	4	3
11931	2159955	2159973	2	2	0	0	18.5	19	2	1	2	1	2	1	2	1	2	1	2	1	2	1	2	1	2	1	2	1	2	1	2	1	5	3	3	2	4	2	2	1	2	1	2	1	2	1	2	1	5	5	2	1	2	1	2	1	2	1	2	1	3	2	2	1	2	1	2	1	2	1	2	1	2	1	2	1	2	1	2	1	3	3	3	3	2	1	2	1	2	1	2	1	2	2	2	2	2	2	2	1	2	1	5	4	6	5	1	1	4	3
11932	2159974	2159986	2	2	0	0	18.5	13	2	1	2	1	2	1	2	1	2	1	2	1	2	1	2	1	2	1	2	1	2	1	2	1	5	3	3	2	4	2	2	1	2	1	2	1	2	1	2	1	5	5	2	1	2	1	2	1	2	1	2	1	3	2	2	1	2	1	2	1	2	1	2	1	2	1	2	1	2	1	2	1	3	3	3	3	2	1	2	1	2	1	2	1	2	2	2	2	2	2	2	1	2	1	6	5	6	5	1	1	4	3
11933	2159987	2159990	2	2	0	0	18.5	4	2	1	2	1	2	1	2	1	2	1	2	1	2	1	2	1	2	1	2	1	2	1	2	1	5	3	3	2	4	2	2	1	2	1	2	1	2	1	2	1	5	5	2	1	2	1	2	1	2	1	2	1	3	2	2	1	2	1	2	1	2	1	2	1	2	1	2	1	2	1	2	1	3	3	3	3	2	1	2	1	2	1	2	1	2	2	2	2	2	2	2	1	2	1	6	5	6	5	1	1	5	4
11934	2159991	2160325	2	2	0	0	18.5	335	2	1	2	1	2	1	2	1	2	1	2	1	2	1	2	1	2	1	2	1	2	1	2	1	5	3	4	2	4	2	2	1	2	1	2	1	2	1	2	1	5	5	2	1	2	1	2	1	2	1	2	1	3	2	2	1	2	1	2	1	2	1	2	1	2	1	2	1	2	1	2	1	3	3	3	3	2	1	2	1	2	1	2	1	2	2	2	2	2	2	2	1	2	1	6	5	6	5	1	1	5	4
11935	2160326	2160368	2	2	0	0	18.5	43	2	1	2	1	2	1	2	1	2	1	2	1	2	1	2	1	2	1	2	1	2	1	2	1	5	3	4	2	4	2	2	1	2	1	2	1	2	1	2	1	5	5	2	1	2	1	2	1	2	1	2	1	3	2	2	1	2	1	2	1	2	1	2	1	2	1	2	1	2	1	2	1	3	3	3	3	2	1	2	1	2	1	2	1	2	2	2	2	2	2	2	1	2	1	5	4	6	5	1	1	4	3
11936	2160369	2160394	2	2	0	0	18.5	26	2	1	2	1	2	1	2	1	2	1	2	1	2	1	2	1	2	1	2	1	2	1	2	1	5	3	4	2	4	2	2	1	2	1	2	1	2	1	2	1	5	5	2	1	2	1	2	1	2	1	2	1	3	2	2	1	2	1	2	1	2	1	2	1	2	1	2	1	2	1	2	1	2	2	3	3	2	1	2	1	2	1	2	1	2	2	2	2	2	2	2	1	2	1	5	4	6	5	1	1	4	3
11937	2160395	2160510	2	2	0	0	18.5	116	2	1	2	1	2	1	2	1	2	1	2	1	2	1	2	1	2	1	2	1	2	1	2	1	5	3	4	2	4	2	2	1	2	1	2	1	2	1	2	1	5	5	2	1	2	1	2	1	2	1	2	1	3	2	2	1	2	1	2	1	2	1	2	1	2	1	2	1	2	1	2	1	3	3	3	3	2	1	2	1	2	1	2	1	2	2	2	2	2	2	2	1	2	1	5	4	6	5	1	1	4	3
11938	2160511	2160633	2	2	0	0	18.5	123	2	1	2	1	2	1	2	1	2	1	2	1	2	1	2	1	2	1	2	1	2	1	2	1	5	3	4	2	4	2	2	1	2	1	2	1	2	1	2	1	5	5	2	1	2	1	2	1	2	1	2	1	3	2	2	1	2	1	2	1	2	1	2	1	2	1	2	1	2	1	2	1	3	3	3	3	2	1	2	1	2	1	2	1	2	2	2	2	2	2	2	1	2	1	6	5	6	5	1	1	4	3
11939	2160634	2160659	2	2	0	0	18.5	26	2	1	2	1	2	1	2	1	2	1	2	1	2	1	2	1	2	1	2	1	2	1	2	1	5	3	4	2	4	2	2	1	2	1	2	1	2	1	2	1	5	5	2	1	2	1	2	1	2	1	2	1	3	2	2	1	2	1	2	1	2	1	2	1	2	1	2	1	2	1	2	1	3	3	3	3	2	1	2	1	2	1	2	1	2	2	2	2	2	2	2	1	2	1	5	4	6	5	1	1	4	3
11940	2160660	2160691	2	2	0	0	18.5	32	2	1	2	1	2	1	2	1	2	1	2	1	2	1	2	1	2	1	2	1	2	1	2	1	5	3	4	2	4	2	2	1	2	1	2	1	2	1	2	1	5	5	2	1	2	1	2	1	2	1	2	1	3	2	2	1	2	1	2	1	2	1	2	1	2	1	2	1	2	1	2	1	3	3	3	3	2	1	2	1	2	1	2	1	2	2	2	2	2	2	2	1	2	1	5	4	5	4	1	1	4	3
11941	2160692	2160876	2	2	0	0	18.5	185	2	1	2	1	2	1	2	1	2	1	2	1	2	1	2	1	2	1	2	1	2	1	2	1	5	3	4	2	4	2	2	1	2	1	2	1	2	1	2	1	4	0	2	1	2	1	2	1	2	1	2	1	3	2	2	1	2	1	2	1	2	1	2	1	2	1	2	1	2	1	2	1	3	3	3	3	2	1	2	1	2	1	2	1	2	2	2	2	2	2	2	1	2	1	5	4	5	4	1	1	4	3
